{"cells":[{"attachments":{},"cell_type":"markdown","metadata":{"id":"mJgtk4XNOuwG"},"source":["# TP3 Clasificación de clubes del FIFA"]},{"attachments":{},"cell_type":"markdown","metadata":{"id":"e4MHhD_4O34y"},"source":["En este trabajo vot a demostrar que puedo identificar a qué club pertenece un jugador según sus características. Si bien en este caso voy a utilizar 2 clubes que sean muy diferentes entre ellos, para facilitar la ejemplificación y llegar a resultados satisfactorios, tambien se puede adaptar para distinguir entre grupos de clubes y ligas, o si un jugador podría pertenecer a un club de rango más alto, ahí es donde hay que usar la imaginación y pensar en las soluciones para las necesidades reales.\n","\n","Fuente kaggle: https://www.kaggle.com/datasets/mukeshmanral/fifa-data-for-eda-and-stats"]},{"attachments":{},"cell_type":"markdown","metadata":{"id":"0kOQVNL_k5Mk"},"source":["# EDA (Analisis Exploratorio de Datos)"]},{"attachments":{},"cell_type":"markdown","metadata":{"id":"DJDCWetVhQti"},"source":["## Dataset"]},{"cell_type":"code","execution_count":32,"metadata":{"executionInfo":{"elapsed":1005,"status":"ok","timestamp":1663180837695,"user":{"displayName":"FEDERICO CORAGLIO","userId":"09145088627756705022"},"user_tz":180},"id":"ySDuNYIcLDEp"},"outputs":[],"source":["import warnings\n","warnings.simplefilter(action='ignore', category=FutureWarning)\n","import pandas as pd\n","import numpy as np\n","from sklearn.preprocessing import Normalizer\n","from sklearn.model_selection import train_test_split"]},{"cell_type":"code","execution_count":33,"metadata":{"colab":{"base_uri":"https://localhost:8080/","height":404},"executionInfo":{"elapsed":573,"status":"ok","timestamp":1663180838267,"user":{"displayName":"FEDERICO CORAGLIO","userId":"09145088627756705022"},"user_tz":180},"id":"cErN9Wd7Morj","outputId":"dae610e5-a2b0-41c7-9fbe-f546f614eeb8"},"outputs":[{"data":{"text/html":["<div>\n","<style scoped>\n","    .dataframe tbody tr th:only-of-type {\n","        vertical-align: middle;\n","    }\n","\n","    .dataframe tbody tr th {\n","        vertical-align: top;\n","    }\n","\n","    .dataframe thead th {\n","        text-align: right;\n","    }\n","</style>\n","<table border=\"1\" class=\"dataframe\">\n","  <thead>\n","    <tr style=\"text-align: right;\">\n","      <th></th>\n","      <th>ID</th>\n","      <th>Name</th>\n","      <th>Age</th>\n","      <th>Nationality</th>\n","      <th>Overall</th>\n","      <th>Potential</th>\n","      <th>Club</th>\n","      <th>Value</th>\n","      <th>Wage</th>\n","      <th>Preferred Foot</th>\n","      <th>...</th>\n","      <th>Composure</th>\n","      <th>Marking</th>\n","      <th>StandingTackle</th>\n","      <th>SlidingTackle</th>\n","      <th>GKDiving</th>\n","      <th>GKHandling</th>\n","      <th>GKKicking</th>\n","      <th>GKPositioning</th>\n","      <th>GKReflexes</th>\n","      <th>Release Clause</th>\n","    </tr>\n","  </thead>\n","  <tbody>\n","    <tr>\n","      <th>0</th>\n","      <td>158023</td>\n","      <td>L. Messi</td>\n","      <td>31</td>\n","      <td>Argentina</td>\n","      <td>94</td>\n","      <td>94</td>\n","      <td>FC Barcelona</td>\n","      <td>€110.5M</td>\n","      <td>€565K</td>\n","      <td>Left</td>\n","      <td>...</td>\n","      <td>96.0</td>\n","      <td>33.0</td>\n","      <td>28.0</td>\n","      <td>26.0</td>\n","      <td>6.0</td>\n","      <td>11.0</td>\n","      <td>15.0</td>\n","      <td>14.0</td>\n","      <td>8.0</td>\n","      <td>€226.5M</td>\n","    </tr>\n","    <tr>\n","      <th>1</th>\n","      <td>20801</td>\n","      <td>Cristiano Ronaldo</td>\n","      <td>33</td>\n","      <td>Portugal</td>\n","      <td>94</td>\n","      <td>94</td>\n","      <td>Juventus</td>\n","      <td>€77M</td>\n","      <td>€405K</td>\n","      <td>Right</td>\n","      <td>...</td>\n","      <td>95.0</td>\n","      <td>28.0</td>\n","      <td>31.0</td>\n","      <td>23.0</td>\n","      <td>7.0</td>\n","      <td>11.0</td>\n","      <td>15.0</td>\n","      <td>14.0</td>\n","      <td>11.0</td>\n","      <td>€127.1M</td>\n","    </tr>\n","    <tr>\n","      <th>2</th>\n","      <td>190871</td>\n","      <td>Neymar Jr</td>\n","      <td>26</td>\n","      <td>Brazil</td>\n","      <td>92</td>\n","      <td>93</td>\n","      <td>Paris Saint-Germain</td>\n","      <td>€118.5M</td>\n","      <td>€290K</td>\n","      <td>Right</td>\n","      <td>...</td>\n","      <td>94.0</td>\n","      <td>27.0</td>\n","      <td>24.0</td>\n","      <td>33.0</td>\n","      <td>9.0</td>\n","      <td>9.0</td>\n","      <td>15.0</td>\n","      <td>15.0</td>\n","      <td>11.0</td>\n","      <td>€228.1M</td>\n","    </tr>\n","    <tr>\n","      <th>3</th>\n","      <td>193080</td>\n","      <td>De Gea</td>\n","      <td>27</td>\n","      <td>Spain</td>\n","      <td>91</td>\n","      <td>93</td>\n","      <td>Manchester United</td>\n","      <td>€72M</td>\n","      <td>€260K</td>\n","      <td>Right</td>\n","      <td>...</td>\n","      <td>68.0</td>\n","      <td>15.0</td>\n","      <td>21.0</td>\n","      <td>13.0</td>\n","      <td>90.0</td>\n","      <td>85.0</td>\n","      <td>87.0</td>\n","      <td>88.0</td>\n","      <td>94.0</td>\n","      <td>€138.6M</td>\n","    </tr>\n","    <tr>\n","      <th>4</th>\n","      <td>192985</td>\n","      <td>K. De Bruyne</td>\n","      <td>27</td>\n","      <td>Belgium</td>\n","      <td>91</td>\n","      <td>92</td>\n","      <td>Manchester City</td>\n","      <td>€102M</td>\n","      <td>€355K</td>\n","      <td>Right</td>\n","      <td>...</td>\n","      <td>88.0</td>\n","      <td>68.0</td>\n","      <td>58.0</td>\n","      <td>51.0</td>\n","      <td>15.0</td>\n","      <td>13.0</td>\n","      <td>5.0</td>\n","      <td>10.0</td>\n","      <td>13.0</td>\n","      <td>€196.4M</td>\n","    </tr>\n","  </tbody>\n","</table>\n","<p>5 rows × 57 columns</p>\n","</div>"],"text/plain":["       ID               Name  Age Nationality  Overall  Potential  \\\n","0  158023           L. Messi   31   Argentina       94         94   \n","1   20801  Cristiano Ronaldo   33    Portugal       94         94   \n","2  190871          Neymar Jr   26      Brazil       92         93   \n","3  193080             De Gea   27       Spain       91         93   \n","4  192985       K. De Bruyne   27     Belgium       91         92   \n","\n","                  Club    Value   Wage Preferred Foot  ...  Composure  \\\n","0         FC Barcelona  €110.5M  €565K           Left  ...       96.0   \n","1             Juventus     €77M  €405K          Right  ...       95.0   \n","2  Paris Saint-Germain  €118.5M  €290K          Right  ...       94.0   \n","3    Manchester United     €72M  €260K          Right  ...       68.0   \n","4      Manchester City    €102M  €355K          Right  ...       88.0   \n","\n","   Marking  StandingTackle SlidingTackle GKDiving GKHandling  GKKicking  \\\n","0     33.0            28.0          26.0      6.0       11.0       15.0   \n","1     28.0            31.0          23.0      7.0       11.0       15.0   \n","2     27.0            24.0          33.0      9.0        9.0       15.0   \n","3     15.0            21.0          13.0     90.0       85.0       87.0   \n","4     68.0            58.0          51.0     15.0       13.0        5.0   \n","\n","  GKPositioning GKReflexes Release Clause  \n","0          14.0        8.0        €226.5M  \n","1          14.0       11.0        €127.1M  \n","2          15.0       11.0        €228.1M  \n","3          88.0       94.0        €138.6M  \n","4          10.0       13.0        €196.4M  \n","\n","[5 rows x 57 columns]"]},"execution_count":33,"metadata":{},"output_type":"execute_result"}],"source":["df = pd.read_csv(\"Datos/fifa_eda_stats.csv\")\n","df.head()"]},{"attachments":{},"cell_type":"markdown","metadata":{"id":"PMDmqCBehV1k"},"source":["### Filtramos algunos clubes diferentes entre si"]},{"cell_type":"code","execution_count":34,"metadata":{"executionInfo":{"elapsed":27,"status":"ok","timestamp":1663180838268,"user":{"displayName":"FEDERICO CORAGLIO","userId":"09145088627756705022"},"user_tz":180},"id":"ktPIqfQxa2vd"},"outputs":[],"source":["df = df[df['Club'].isin(df.Club.unique()[[0,100,150,250,350,250,550]])]"]},{"cell_type":"code","execution_count":35,"metadata":{"colab":{"base_uri":"https://localhost:8080/"},"executionInfo":{"elapsed":27,"status":"ok","timestamp":1663180838269,"user":{"displayName":"FEDERICO CORAGLIO","userId":"09145088627756705022"},"user_tz":180},"id":"uQr8xamIbGzW","outputId":"69e6d866-dd9f-49b5-f026-ce3bef7da64d"},"outputs":[{"data":{"text/plain":["array(['FC Barcelona', 'RCD Espanyol', 'Melbourne Victory',\n","       'Kaizer Chiefs', 'CD Aves', 'Östersunds FK'], dtype=object)"]},"execution_count":35,"metadata":{},"output_type":"execute_result"}],"source":["df.Club.unique()"]},{"attachments":{},"cell_type":"markdown","metadata":{"id":"PGnRqKl6hfr2"},"source":["### Filtro solo variables numéricas"]},{"cell_type":"code","execution_count":36,"metadata":{"executionInfo":{"elapsed":20,"status":"ok","timestamp":1663180838269,"user":{"displayName":"FEDERICO CORAGLIO","userId":"09145088627756705022"},"user_tz":180},"id":"paEU9VPXUU_W"},"outputs":[],"source":["df2 = df.select_dtypes(['number'])"]},{"cell_type":"code","execution_count":37,"metadata":{"colab":{"base_uri":"https://localhost:8080/","height":512},"executionInfo":{"elapsed":20,"status":"ok","timestamp":1663180838270,"user":{"displayName":"FEDERICO CORAGLIO","userId":"09145088627756705022"},"user_tz":180},"id":"121syAsiUk9V","outputId":"9177186c-2498-4aeb-cce8-f1cb20faca68"},"outputs":[{"data":{"text/html":["<div>\n","<style scoped>\n","    .dataframe tbody tr th:only-of-type {\n","        vertical-align: middle;\n","    }\n","\n","    .dataframe tbody tr th {\n","        vertical-align: top;\n","    }\n","\n","    .dataframe thead th {\n","        text-align: right;\n","    }\n","</style>\n","<table border=\"1\" class=\"dataframe\">\n","  <thead>\n","    <tr style=\"text-align: right;\">\n","      <th></th>\n","      <th>ID</th>\n","      <th>Age</th>\n","      <th>Overall</th>\n","      <th>Potential</th>\n","      <th>International Reputation</th>\n","      <th>Weak Foot</th>\n","      <th>Skill Moves</th>\n","      <th>Jersey Number</th>\n","      <th>Crossing</th>\n","      <th>Finishing</th>\n","      <th>...</th>\n","      <th>Composure</th>\n","      <th>Marking</th>\n","      <th>StandingTackle</th>\n","      <th>SlidingTackle</th>\n","      <th>GKDiving</th>\n","      <th>GKHandling</th>\n","      <th>GKKicking</th>\n","      <th>GKPositioning</th>\n","      <th>GKReflexes</th>\n","      <th>Club</th>\n","    </tr>\n","  </thead>\n","  <tbody>\n","    <tr>\n","      <th>0</th>\n","      <td>158023</td>\n","      <td>31</td>\n","      <td>94</td>\n","      <td>94</td>\n","      <td>5.0</td>\n","      <td>4.0</td>\n","      <td>4.0</td>\n","      <td>10.0</td>\n","      <td>84.0</td>\n","      <td>95.0</td>\n","      <td>...</td>\n","      <td>96.0</td>\n","      <td>33.0</td>\n","      <td>28.0</td>\n","      <td>26.0</td>\n","      <td>6.0</td>\n","      <td>11.0</td>\n","      <td>15.0</td>\n","      <td>14.0</td>\n","      <td>8.0</td>\n","      <td>FC Barcelona</td>\n","    </tr>\n","    <tr>\n","      <th>7</th>\n","      <td>176580</td>\n","      <td>31</td>\n","      <td>91</td>\n","      <td>91</td>\n","      <td>5.0</td>\n","      <td>4.0</td>\n","      <td>3.0</td>\n","      <td>9.0</td>\n","      <td>77.0</td>\n","      <td>93.0</td>\n","      <td>...</td>\n","      <td>85.0</td>\n","      <td>62.0</td>\n","      <td>45.0</td>\n","      <td>38.0</td>\n","      <td>27.0</td>\n","      <td>25.0</td>\n","      <td>31.0</td>\n","      <td>33.0</td>\n","      <td>37.0</td>\n","      <td>FC Barcelona</td>\n","    </tr>\n","    <tr>\n","      <th>18</th>\n","      <td>192448</td>\n","      <td>26</td>\n","      <td>89</td>\n","      <td>92</td>\n","      <td>3.0</td>\n","      <td>4.0</td>\n","      <td>1.0</td>\n","      <td>22.0</td>\n","      <td>15.0</td>\n","      <td>14.0</td>\n","      <td>...</td>\n","      <td>69.0</td>\n","      <td>25.0</td>\n","      <td>13.0</td>\n","      <td>10.0</td>\n","      <td>87.0</td>\n","      <td>85.0</td>\n","      <td>88.0</td>\n","      <td>85.0</td>\n","      <td>90.0</td>\n","      <td>FC Barcelona</td>\n","    </tr>\n","    <tr>\n","      <th>20</th>\n","      <td>189511</td>\n","      <td>29</td>\n","      <td>89</td>\n","      <td>89</td>\n","      <td>4.0</td>\n","      <td>3.0</td>\n","      <td>3.0</td>\n","      <td>5.0</td>\n","      <td>62.0</td>\n","      <td>67.0</td>\n","      <td>...</td>\n","      <td>90.0</td>\n","      <td>90.0</td>\n","      <td>86.0</td>\n","      <td>80.0</td>\n","      <td>5.0</td>\n","      <td>8.0</td>\n","      <td>13.0</td>\n","      <td>9.0</td>\n","      <td>13.0</td>\n","      <td>FC Barcelona</td>\n","    </tr>\n","    <tr>\n","      <th>32</th>\n","      <td>189242</td>\n","      <td>26</td>\n","      <td>88</td>\n","      <td>89</td>\n","      <td>3.0</td>\n","      <td>4.0</td>\n","      <td>5.0</td>\n","      <td>7.0</td>\n","      <td>79.0</td>\n","      <td>79.0</td>\n","      <td>...</td>\n","      <td>85.0</td>\n","      <td>55.0</td>\n","      <td>54.0</td>\n","      <td>47.0</td>\n","      <td>12.0</td>\n","      <td>7.0</td>\n","      <td>9.0</td>\n","      <td>14.0</td>\n","      <td>6.0</td>\n","      <td>FC Barcelona</td>\n","    </tr>\n","    <tr>\n","      <th>...</th>\n","      <td>...</td>\n","      <td>...</td>\n","      <td>...</td>\n","      <td>...</td>\n","      <td>...</td>\n","      <td>...</td>\n","      <td>...</td>\n","      <td>...</td>\n","      <td>...</td>\n","      <td>...</td>\n","      <td>...</td>\n","      <td>...</td>\n","      <td>...</td>\n","      <td>...</td>\n","      <td>...</td>\n","      <td>...</td>\n","      <td>...</td>\n","      <td>...</td>\n","      <td>...</td>\n","      <td>...</td>\n","      <td>...</td>\n","    </tr>\n","    <tr>\n","      <th>17116</th>\n","      <td>245597</td>\n","      <td>18</td>\n","      <td>55</td>\n","      <td>73</td>\n","      <td>1.0</td>\n","      <td>2.0</td>\n","      <td>2.0</td>\n","      <td>33.0</td>\n","      <td>51.0</td>\n","      <td>23.0</td>\n","      <td>...</td>\n","      <td>42.0</td>\n","      <td>56.0</td>\n","      <td>48.0</td>\n","      <td>46.0</td>\n","      <td>11.0</td>\n","      <td>9.0</td>\n","      <td>12.0</td>\n","      <td>12.0</td>\n","      <td>6.0</td>\n","      <td>RCD Espanyol</td>\n","    </tr>\n","    <tr>\n","      <th>17316</th>\n","      <td>241440</td>\n","      <td>18</td>\n","      <td>54</td>\n","      <td>69</td>\n","      <td>1.0</td>\n","      <td>3.0</td>\n","      <td>2.0</td>\n","      <td>19.0</td>\n","      <td>38.0</td>\n","      <td>52.0</td>\n","      <td>...</td>\n","      <td>55.0</td>\n","      <td>32.0</td>\n","      <td>27.0</td>\n","      <td>34.0</td>\n","      <td>12.0</td>\n","      <td>8.0</td>\n","      <td>15.0</td>\n","      <td>8.0</td>\n","      <td>12.0</td>\n","      <td>Melbourne Victory</td>\n","    </tr>\n","    <tr>\n","      <th>17541</th>\n","      <td>243729</td>\n","      <td>18</td>\n","      <td>53</td>\n","      <td>67</td>\n","      <td>1.0</td>\n","      <td>2.0</td>\n","      <td>2.0</td>\n","      <td>26.0</td>\n","      <td>50.0</td>\n","      <td>45.0</td>\n","      <td>...</td>\n","      <td>45.0</td>\n","      <td>24.0</td>\n","      <td>22.0</td>\n","      <td>23.0</td>\n","      <td>15.0</td>\n","      <td>14.0</td>\n","      <td>8.0</td>\n","      <td>7.0</td>\n","      <td>12.0</td>\n","      <td>Melbourne Victory</td>\n","    </tr>\n","    <tr>\n","      <th>18027</th>\n","      <td>205861</td>\n","      <td>24</td>\n","      <td>50</td>\n","      <td>55</td>\n","      <td>1.0</td>\n","      <td>2.0</td>\n","      <td>1.0</td>\n","      <td>31.0</td>\n","      <td>20.0</td>\n","      <td>14.0</td>\n","      <td>...</td>\n","      <td>30.0</td>\n","      <td>13.0</td>\n","      <td>16.0</td>\n","      <td>17.0</td>\n","      <td>51.0</td>\n","      <td>46.0</td>\n","      <td>45.0</td>\n","      <td>49.0</td>\n","      <td>51.0</td>\n","      <td>Östersunds FK</td>\n","    </tr>\n","    <tr>\n","      <th>18073</th>\n","      <td>242086</td>\n","      <td>18</td>\n","      <td>50</td>\n","      <td>71</td>\n","      <td>1.0</td>\n","      <td>2.0</td>\n","      <td>1.0</td>\n","      <td>30.0</td>\n","      <td>14.0</td>\n","      <td>7.0</td>\n","      <td>...</td>\n","      <td>42.0</td>\n","      <td>6.0</td>\n","      <td>14.0</td>\n","      <td>12.0</td>\n","      <td>50.0</td>\n","      <td>49.0</td>\n","      <td>48.0</td>\n","      <td>50.0</td>\n","      <td>52.0</td>\n","      <td>Melbourne Victory</td>\n","    </tr>\n","  </tbody>\n","</table>\n","<p>160 rows × 43 columns</p>\n","</div>"],"text/plain":["           ID  Age  Overall  Potential  International Reputation  Weak Foot  \\\n","0      158023   31       94         94                       5.0        4.0   \n","7      176580   31       91         91                       5.0        4.0   \n","18     192448   26       89         92                       3.0        4.0   \n","20     189511   29       89         89                       4.0        3.0   \n","32     189242   26       88         89                       3.0        4.0   \n","...       ...  ...      ...        ...                       ...        ...   \n","17116  245597   18       55         73                       1.0        2.0   \n","17316  241440   18       54         69                       1.0        3.0   \n","17541  243729   18       53         67                       1.0        2.0   \n","18027  205861   24       50         55                       1.0        2.0   \n","18073  242086   18       50         71                       1.0        2.0   \n","\n","       Skill Moves  Jersey Number  Crossing  Finishing  ...  Composure  \\\n","0              4.0           10.0      84.0       95.0  ...       96.0   \n","7              3.0            9.0      77.0       93.0  ...       85.0   \n","18             1.0           22.0      15.0       14.0  ...       69.0   \n","20             3.0            5.0      62.0       67.0  ...       90.0   \n","32             5.0            7.0      79.0       79.0  ...       85.0   \n","...            ...            ...       ...        ...  ...        ...   \n","17116          2.0           33.0      51.0       23.0  ...       42.0   \n","17316          2.0           19.0      38.0       52.0  ...       55.0   \n","17541          2.0           26.0      50.0       45.0  ...       45.0   \n","18027          1.0           31.0      20.0       14.0  ...       30.0   \n","18073          1.0           30.0      14.0        7.0  ...       42.0   \n","\n","       Marking  StandingTackle  SlidingTackle  GKDiving  GKHandling  \\\n","0         33.0            28.0           26.0       6.0        11.0   \n","7         62.0            45.0           38.0      27.0        25.0   \n","18        25.0            13.0           10.0      87.0        85.0   \n","20        90.0            86.0           80.0       5.0         8.0   \n","32        55.0            54.0           47.0      12.0         7.0   \n","...        ...             ...            ...       ...         ...   \n","17116     56.0            48.0           46.0      11.0         9.0   \n","17316     32.0            27.0           34.0      12.0         8.0   \n","17541     24.0            22.0           23.0      15.0        14.0   \n","18027     13.0            16.0           17.0      51.0        46.0   \n","18073      6.0            14.0           12.0      50.0        49.0   \n","\n","       GKKicking  GKPositioning  GKReflexes               Club  \n","0           15.0           14.0         8.0       FC Barcelona  \n","7           31.0           33.0        37.0       FC Barcelona  \n","18          88.0           85.0        90.0       FC Barcelona  \n","20          13.0            9.0        13.0       FC Barcelona  \n","32           9.0           14.0         6.0       FC Barcelona  \n","...          ...            ...         ...                ...  \n","17116       12.0           12.0         6.0       RCD Espanyol  \n","17316       15.0            8.0        12.0  Melbourne Victory  \n","17541        8.0            7.0        12.0  Melbourne Victory  \n","18027       45.0           49.0        51.0      Östersunds FK  \n","18073       48.0           50.0        52.0  Melbourne Victory  \n","\n","[160 rows x 43 columns]"]},"execution_count":37,"metadata":{},"output_type":"execute_result"}],"source":["df2['Club'] = df['Club']\n","df2"]},{"attachments":{},"cell_type":"markdown","metadata":{"id":"0P94_FX9hlyr"},"source":["### Elimino los valores nulos (nan)"]},{"cell_type":"code","execution_count":38,"metadata":{"executionInfo":{"elapsed":12,"status":"ok","timestamp":1663180838270,"user":{"displayName":"FEDERICO CORAGLIO","userId":"09145088627756705022"},"user_tz":180},"id":"pxdAjO84WAZM"},"outputs":[],"source":["df2 = df2.dropna()"]},{"cell_type":"code","execution_count":39,"metadata":{"colab":{"base_uri":"https://localhost:8080/"},"executionInfo":{"elapsed":12,"status":"ok","timestamp":1663180838270,"user":{"displayName":"FEDERICO CORAGLIO","userId":"09145088627756705022"},"user_tz":180},"id":"ipyOmsMUWPL8","outputId":"c9232687-b36d-4c46-91f7-9f769090283e"},"outputs":[{"data":{"text/plain":["(160, 43)"]},"execution_count":39,"metadata":{},"output_type":"execute_result"}],"source":["df2.shape"]},{"attachments":{},"cell_type":"markdown","metadata":{"id":"tA6i8D11hLdE"},"source":["## Matríz de Correlación"]},{"attachments":{},"cell_type":"markdown","metadata":{"id":"lBx_dNEjRJsW"},"source":["La matriz de correlación nos indica que tanta influencia tienen los valores de las columnas con respecto al resto. \n","\n","Nota: Ojo con las correlaciones negativas, a veces pueden ser inversamente proporcionales y son igual de influentes que las positivas."]},{"cell_type":"code","execution_count":40,"metadata":{"executionInfo":{"elapsed":10,"status":"ok","timestamp":1663180838271,"user":{"displayName":"FEDERICO CORAGLIO","userId":"09145088627756705022"},"user_tz":180},"id":"ZcSEb0OpNv6W"},"outputs":[],"source":["# Convierto el target en numeros para poder graficar\n","df2['ClubN'] = df2.Club.replace(df2.Club.unique(), range(df2.Club.unique().shape[0],0,-1))"]},{"cell_type":"code","execution_count":41,"metadata":{"colab":{"base_uri":"https://localhost:8080/","height":817},"executionInfo":{"elapsed":1559,"status":"ok","timestamp":1663180839820,"user":{"displayName":"FEDERICO CORAGLIO","userId":"09145088627756705022"},"user_tz":180},"id":"L6crInL6puz3","outputId":"b852884b-5dc5-4939-8c99-124b040c83e8"},"outputs":[{"data":{"application/vnd.plotly.v1+json":{"config":{"plotlyServerURL":"https://plot.ly"},"data":[{"coloraxis":"coloraxis","hovertemplate":"x: %{x}<br>y: %{y}<br>color: %{z}<extra></extra>","name":"0","type":"heatmap","x":["ID","Age","Overall","Potential","International Reputation","Weak Foot","Skill Moves","Jersey Number","Crossing","Finishing","HeadingAccuracy","ShortPassing","Volleys","Dribbling","Curve","FKAccuracy","LongPassing","BallControl","Acceleration","SprintSpeed","Agility","Reactions","Balance","ShotPower","Jumping","Stamina","Strength","LongShots","Aggression","Interceptions","Positioning","Vision","Penalties","Composure","Marking","StandingTackle","SlidingTackle","GKDiving","GKHandling","GKKicking","GKPositioning","GKReflexes","ClubN"],"xaxis":"x","y":["ID","Age","Overall","Potential","International Reputation","Weak Foot","Skill Moves","Jersey Number","Crossing","Finishing","HeadingAccuracy","ShortPassing","Volleys","Dribbling","Curve","FKAccuracy","LongPassing","BallControl","Acceleration","SprintSpeed","Agility","Reactions","Balance","ShotPower","Jumping","Stamina","Strength","LongShots","Aggression","Interceptions","Positioning","Vision","Penalties","Composure","Marking","StandingTackle","SlidingTackle","GKDiving","GKHandling","GKKicking","GKPositioning","GKReflexes","ClubN"],"yaxis":"y","z":[[1,-0.7260790470570143,-0.4744072759177519,-0.1258767017436894,-0.4394668633730287,-0.16872023881766254,-0.12115280467187005,0.2919056161610328,-0.23154076894846967,-0.19768629785029596,-0.18947860146897183,-0.2580991839371463,-0.3157578563477199,-0.1012402544909536,-0.2783496619762638,-0.33680629670782575,-0.29592294239435646,-0.1874445989725915,0.1488416283987865,0.13895663023298663,-0.028834645311507465,-0.42789782311690444,0.15173766217560017,-0.2718135600207651,-0.09129029252137502,-0.059470083466015886,-0.3496071316492476,-0.26165080834264587,-0.25744602667404604,-0.1665392621449669,-0.190909198798345,-0.2894083517131277,-0.277985719916588,-0.4533014352974024,-0.12210833960358274,-0.128520038658571,-0.08559600538436268,-0.05743292727311438,-0.061077808243158845,-0.07002929860577736,-0.07837777009463757,-0.051132911796253566,-0.10944165089323477],[-0.7260790470570143,1,0.4461820860480045,-0.11906109621214477,0.3284758090169137,0.10952534624225413,0.0721946696257607,-0.32482662901590176,0.14813036501047575,0.14589457884841983,0.2808181185261536,0.15451665005749754,0.2405232049756104,0.051803684849494554,0.18448431591310757,0.2362958157541874,0.14738718058597047,0.10422650474026804,-0.12095567864597222,-0.07234098430386478,-0.06258322866186504,0.41893260876789484,-0.20510242869427003,0.2284569258985015,0.21989113669832164,0.09521216216793237,0.4028650933930334,0.17583093239816236,0.32816724505197614,0.17004078121014946,0.12373378780870534,0.17082349393512172,0.23781364313393194,0.3919393666557615,0.1519065338979596,0.14676702114566434,0.15541849211017986,0.0622712255333494,0.05751794428260954,0.05253570525202522,0.06691106745820447,0.06173521123352278,-0.1062613928960405],[-0.4744072759177519,0.4461820860480045,1,0.786753380778199,0.7412364418456974,0.3652825133767704,0.43718041095803983,-0.3132370798067533,0.4342854754180828,0.4302601855186647,0.3723059042501545,0.5878996258253645,0.46188535770364875,0.4016095456345805,0.43529035353233786,0.4784079468564666,0.5566725346486643,0.5083993719095921,0.17478782889260253,0.2019636970796087,0.3257335402530982,0.8940083922050366,0.09498707609541755,0.4844290786383641,0.21222667020038535,0.3795754501612175,0.3612764234433014,0.4627006762545212,0.37974153430078295,0.32983585666409343,0.432714432580517,0.6012900972792754,0.40846687851864033,0.748037893631913,0.33829688817871495,0.2881073799376439,0.25332287346869875,-0.046519222560740175,-0.04048224778937494,-0.031391437725886394,-0.009069961578556707,-0.036777961272745636,0.5068668896366773],[-0.1258767017436894,-0.11906109621214477,0.786753380778199,1,0.6316826712835534,0.3008173270662965,0.35976354007351197,-0.09932433816761659,0.3254214813783331,0.30380609853162166,0.1922853421050071,0.4936981315814337,0.30668357589101364,0.3240417473991047,0.31007857924593357,0.3330158914192071,0.4652318148917635,0.4198557046780452,0.15170496241835302,0.1554479493362739,0.3080799673397699,0.7007434413866567,0.17132874416472713,0.32530180368422973,0.08947856012691181,0.27016811000622826,0.11880128118151526,0.32591167272663374,0.17809354727052965,0.22287435409221837,0.3242929019424063,0.5096901079139806,0.2557820685435549,0.5737268306398832,0.2476118326611461,0.1958313751794764,0.1606655363409084,-0.024014046168596148,-0.01568595951858516,-0.0015415650108580301,0.014253727969874046,-0.01563484285716332,0.6975118317930477],[-0.4394668633730287,0.3284758090169137,0.7412364418456974,0.6316826712835534,1,0.2208190185946646,0.21915426083346173,-0.24878595753839025,0.282735212816046,0.3214321161355999,0.17939896823393892,0.3473697386674239,0.35503432584868505,0.22037574876372124,0.352330821069684,0.4029365198112937,0.3504579074887087,0.28920791339076896,0.08768205025944192,0.08116040340499753,0.2121873870360071,0.6598896922045255,0.059388826944839095,0.2920579634904962,0.07812571156341494,0.176536063053625,0.20596176614770897,0.31056806838106216,0.15464097576028824,0.10605895146752405,0.28315407950901395,0.4480747134397648,0.31673686673182433,0.5200790714772426,0.14427656438940417,0.09797792421388221,0.08409101909303571,0.06604780424523371,0.08228204588739478,0.1098801029504041,0.11382631534490004,0.08824512817197688,0.4842840821745236],[-0.16872023881766254,0.10952534624225413,0.3652825133767704,0.3008173270662965,0.2208190185946646,1,0.38883056328988275,-0.12188764073860581,0.3641887073124199,0.4278345888225793,0.22528220522121617,0.3996519651935284,0.4327810444359843,0.4019148596262529,0.3527817596623167,0.3950609805354178,0.3325365445994033,0.39474605418732034,0.28965680458878296,0.2617867032525065,0.3284473526747408,0.30508128710352655,0.28994989608660804,0.4089822119922219,0.046799781841243934,0.291884149561386,0.00776444505218049,0.4444016689850596,0.17578031173575645,0.09306505124615487,0.38556651535002573,0.44456705955106,0.3963413354491451,0.44256025471763477,0.16488109611905433,0.07028029736349957,0.051985705650856064,-0.2370967937730654,-0.21146453221252906,-0.18634737437228766,-0.2103727083575769,-0.23911120743518613,0.19497940480160247],[-0.12115280467187005,0.0721946696257607,0.43718041095803983,0.35976354007351197,0.21915426083346173,0.38883056328988275,1,-0.1477150828669195,0.7835255541584769,0.7922713715767031,0.4122662598940368,0.7518300981422215,0.7826444261470212,0.877980417571544,0.7846489742768509,0.7439671730258077,0.6626563516763029,0.8351984617120897,0.6510157933585449,0.5784363718660681,0.690208522741972,0.39201373367293263,0.6545545538693301,0.7582620945182341,-0.14106313152280026,0.5646516949065922,-0.08709032607583705,0.8129453795715732,0.29985136306396015,0.20172038918226537,0.8362350794566007,0.7201214329923994,0.6951996118154284,0.6568635713028786,0.23622471010955093,0.18500432810975737,0.14846712438529402,-0.6225898624812664,-0.6158088689114508,-0.6077284970747987,-0.6054436710930011,-0.6342679214299911,0.1488152550634421],[0.2919056161610328,-0.32482662901590176,-0.3132370798067533,-0.09932433816761659,-0.24878595753839025,-0.12188764073860581,-0.1477150828669195,1,-0.16860711742058918,-0.11878871587535983,-0.03469281617338157,-0.17293572384383335,-0.08909034473704128,-0.11924999989139762,-0.16134992459536673,-0.1792538932003503,-0.18079839174841006,-0.14250209661925703,-0.047098494181901485,-0.018291243233048624,-0.17406824386903366,-0.2721472379965532,-0.039395216423176574,-0.11730586926195936,-0.05947923190719852,-0.1226473958048907,-0.04524750513628729,-0.1048930407140377,-0.1525198919934044,-0.1478116455541889,-0.1268347395065902,-0.2230090812637963,-0.05904782803150684,-0.2576767617348251,-0.1392894993694098,-0.1561192117172353,-0.14700295005361402,-0.017058457747254854,0.014461752208696253,-0.011666875400172447,0.004617213113217091,-0.01526254404991707,-0.18614851581176994],[-0.23154076894846967,0.14813036501047575,0.4342854754180828,0.3254214813783331,0.282735212816046,0.3641887073124199,0.7835255541584769,-0.16860711742058918,1,0.714573117308889,0.4679985985043041,0.8290134215821221,0.7676691511276074,0.889584799555399,0.9052211066601183,0.8092368196232264,0.7830906761732077,0.8757392877132177,0.6631696606703782,0.6104693729205474,0.7557477654577625,0.4178890292491065,0.641281961137724,0.7639855309004194,0.00011855367805984275,0.7006408836133443,0.01852185464554972,0.802753786777185,0.47891308480568373,0.45941080381900906,0.8628263614339675,0.7036631925959914,0.6599866752267687,0.6732307510289571,0.45106738901579824,0.42605541150672877,0.39842879612679183,-0.6618711001698627,-0.6605081210994356,-0.6433761544649935,-0.6455063053795226,-0.6766457115001485,0.17276705959681396],[-0.19768629785029596,0.14589457884841983,0.4302601855186647,0.30380609853162166,0.3214321161355999,0.4278345888225793,0.7922713715767031,-0.11878871587535983,0.714573117308889,1,0.4638810548133094,0.7439209900951524,0.896257046059263,0.8451825699870423,0.7555287417564298,0.7558098010792491,0.6147082193794029,0.8017844394224741,0.5992978796029267,0.5610048526928157,0.6136456984098684,0.3750146322822673,0.5847750146110055,0.8139581391956705,-0.08013469608461966,0.5366168553263442,0.016377704775248532,0.8944838124261466,0.2416766858718271,0.06559866225748699,0.8896748596693292,0.7545748657100092,0.8581548271001869,0.601532378489175,0.1489109674058429,0.05008665493455368,0.017318887500885213,-0.5890595378568055,-0.5761879368838279,-0.5438812854510536,-0.5662081652966466,-0.5785448439532886,0.1647008739327975],[-0.18947860146897183,0.2808181185261536,0.3723059042501545,0.1922853421050071,0.17939896823393892,0.22528220522121617,0.4122662598940368,-0.03469281617338157,0.4679985985043041,0.4638810548133094,1,0.6100152258253146,0.5214984125075102,0.5179854892538456,0.4346765624312729,0.47289992191292995,0.566368693993946,0.6203150377841918,0.31857235571496795,0.3538137281599567,0.16174496931403354,0.3298869407997492,0.1101964008190345,0.5965059845398415,0.3075295194359056,0.6141995311431506,0.4514466852886288,0.48840430827309034,0.6542409779951346,0.5615113427974514,0.5245217060902171,0.2664973245676696,0.570392972357878,0.5897001870341408,0.6303403334701977,0.5925541734684558,0.5837179096425316,-0.7248589802274797,-0.7168989961898589,-0.7320864493170938,-0.6953380197981114,-0.7030779732220189,0.15285890952927758],[-0.2580991839371463,0.15451665005749754,0.5878996258253645,0.4936981315814337,0.3473697386674239,0.3996519651935284,0.7518300981422215,-0.17293572384383335,0.8290134215821221,0.7439209900951524,0.6100152258253146,1,0.7760021939928066,0.8639743271227507,0.7933819432877747,0.7686289484755059,0.9034138808515043,0.9405839306193241,0.52203397603284,0.47418978756845737,0.6239863916849555,0.553488679523782,0.5328852254975938,0.7767970505882724,0.039754843764531644,0.6970644966266291,0.13523492447657695,0.8166281034876146,0.5561493941573468,0.5326546515594679,0.8164332524165622,0.7704247276237,0.7132999753779699,0.7900364471620739,0.5653177776587808,0.5038198924273435,0.46772986513007464,-0.6996327402552912,-0.6938710660482881,-0.669752528465064,-0.6622907625477368,-0.6912627425589787,0.30907322864979947],[-0.3157578563477199,0.2405232049756104,0.46188535770364875,0.30668357589101364,0.35503432584868505,0.4327810444359843,0.7826444261470212,-0.08909034473704128,0.7676691511276074,0.896257046059263,0.5214984125075102,0.7760021939928066,1,0.8364647048948689,0.822516254964835,0.8279326215394592,0.6759170604257408,0.812422500438803,0.5790918737424838,0.5182682849225148,0.6130894411465354,0.42434511802798225,0.5635913226599583,0.8705814905619439,-0.025146134801105256,0.5856363332173223,0.08294948881935169,0.9081755784923833,0.32990551394130446,0.15628587079960565,0.8712172543012282,0.7454026610562515,0.8721989039405375,0.6629831729596921,0.2275165754484028,0.14234011747937403,0.10684395137546203,-0.6024933416636299,-0.5890686199638788,-0.5587957127733226,-0.5792191087590179,-0.5967200463476235,0.13354682751954797],[-0.1012402544909536,0.051803684849494554,0.4016095456345805,0.3240417473991047,0.22037574876372124,0.4019148596262529,0.877980417571544,-0.11924999989139762,0.889584799555399,0.8451825699870423,0.5179854892538456,0.8639743271227507,0.8364647048948689,1,0.8641257609815175,0.8032062013680641,0.7662267303270858,0.943634714514463,0.7375554985134304,0.6853798793761129,0.7464758220853877,0.3544623674904088,0.705473052133576,0.8105609919165389,-0.03570433272432497,0.7165650969730399,-0.04528146470019272,0.871558628037603,0.42606134507577803,0.35195457273737496,0.9317945584694571,0.7536406101548978,0.7612348964890755,0.6696131424483512,0.4147304786695244,0.33453687842131674,0.3000344430096728,-0.7678666931418145,-0.7651198417859347,-0.7372853421704462,-0.7549149116336809,-0.7730804028315053,0.1362362560049749],[-0.2783496619762638,0.18448431591310757,0.43529035353233786,0.31007857924593357,0.352330821069684,0.3527817596623167,0.7846489742768509,-0.16134992459536673,0.9052211066601183,0.7555287417564298,0.4346765624312729,0.7933819432877747,0.822516254964835,0.8641257609815175,1,0.8739634485203572,0.7499671526039571,0.8328124078989205,0.600175916675556,0.531577649394026,0.7105012391969987,0.41393866456285805,0.602885914855765,0.7836022784169666,-0.04975315722915844,0.6213185619008087,0.003225137895452481,0.8486338238041766,0.40639829741353134,0.36915046291737663,0.8410176632988424,0.7343358552627026,0.7410257979397511,0.656282507159985,0.3750325387373648,0.3392873936156323,0.30586904777352936,-0.6246603179426368,-0.6358945802629796,-0.6028578446011118,-0.6179287142256982,-0.6467884241866374,0.1310052517778469],[-0.33680629670782575,0.2362958157541874,0.4784079468564666,0.3330158914192071,0.4029365198112937,0.3950609805354178,0.7439671730258077,-0.1792538932003503,0.8092368196232264,0.7558098010792491,0.47289992191292995,0.7686289484755059,0.8279326215394592,0.8032062013680641,0.8739634485203572,1,0.7401420360911307,0.7946001211726569,0.5103174587920237,0.4301211534086616,0.5999121572950408,0.44419501718009574,0.5351416225616659,0.7838903680365918,-0.008502621489491949,0.5574264897195291,0.01905813048247865,0.8337821027829779,0.3746779593052179,0.30722334446690075,0.783801575751842,0.7387530054930004,0.8043121598630253,0.6744870082189933,0.3382331567753731,0.2955246420942578,0.25473923430769957,-0.5693831918480784,-0.5602156725960326,-0.5343440490379894,-0.554524998600183,-0.5638708707727622,0.16718181663426163],[-0.29592294239435646,0.14738718058597047,0.5566725346486643,0.4652318148917635,0.3504579074887087,0.3325365445994033,0.6626563516763029,-0.18079839174841006,0.7830906761732077,0.6147082193794029,0.566368693993946,0.9034138808515043,0.6759170604257408,0.7662267303270858,0.7499671526039571,0.7401420360911307,1,0.8515913449924115,0.4229876069611208,0.3718490157657966,0.5497251289307442,0.5181721097424039,0.45410229030121063,0.697184404358558,0.048889061725125804,0.6483868126379573,0.1569647370792177,0.7196637008544242,0.5761853649044678,0.6166802037110238,0.6979689894073375,0.7220700366484637,0.6335106192869459,0.747752816034694,0.6057564886716257,0.6069790624061897,0.5630771936346468,-0.6388792919325303,-0.6343372773087276,-0.6054593677667767,-0.6047058213452692,-0.63933878272092,0.2736383845864913],[-0.1874445989725915,0.10422650474026804,0.5083993719095921,0.4198557046780452,0.28920791339076896,0.39474605418732034,0.8351984617120897,-0.14250209661925703,0.8757392877132177,0.8017844394224741,0.6203150377841918,0.9405839306193241,0.812422500438803,0.943634714514463,0.8328124078989205,0.7946001211726569,0.8515913449924115,1,0.6572817632999942,0.6021618895712835,0.7032639384683012,0.44905360138354955,0.6165580968914519,0.8197184696295634,0.02034408168607721,0.7428292075804281,0.07308383860660356,0.8518526763144313,0.5203259728679175,0.47919388183361483,0.8919978227034242,0.7524671738195357,0.7519905348147259,0.7659716625592917,0.514729170110694,0.45499126730983075,0.4137135155192946,-0.778577618373192,-0.7671408934024895,-0.7516697213930136,-0.7515004245219369,-0.7743434889740554,0.20924311860900463],[0.1488416283987865,-0.12095567864597222,0.17478782889260253,0.15170496241835302,0.08768205025944192,0.28965680458878296,0.6510157933585449,-0.047098494181901485,0.6631696606703782,0.5992978796029267,0.31857235571496795,0.52203397603284,0.5790918737424838,0.7375554985134304,0.600175916675556,0.5103174587920237,0.4229876069611208,0.6572817632999942,1,0.9224497769306945,0.7850088318969554,0.11994312820247609,0.7318106898035762,0.5531857660096163,0.0778434882716183,0.6074101127347624,-0.18037563384746508,0.5595972863415255,0.23402878987469844,0.16110268630549626,0.6809228603405195,0.4288054387794817,0.5120526070432339,0.3427042208580334,0.2388200872223162,0.15751047572743568,0.1426099741887572,-0.5895648886020523,-0.5823028541742834,-0.5811464801603501,-0.5917582630953349,-0.5861154504358613,0.0022267920114702982],[0.13895663023298663,-0.07234098430386478,0.2019636970796087,0.1554479493362739,0.08116040340499753,0.2617867032525065,0.5784363718660681,-0.018291243233048624,0.6104693729205474,0.56100